kinematics:
  shoulder:
    x: 0
    y: 0
    z: 0.089159
    roll: -0
    pitch: 0
    yaw: -0
  upper_arm:
    x: 0
    y: 0
    z: 0
    roll: 1.570796327
    pitch: 0
    yaw: 0.007395994510997577
  forearm:
    x: -0.4250000007155407
    y: 0
    z: 0
    roll: 1.241802170604998e-16
    pitch: 5.802801211892928e-05
    yaw: -3.138956640894204
  wrist_1:
    x: -0.392826563833076
    y: 0.0002668046004962739
    z: 0.1110753087670682
    roll: 3.139190642824898
    pitch: -3.140262280670603
    yaw: 3.135734714165319
  wrist_2:
    x: 1.387778780781446e-17
    y: 0.09498496178868843
    z: -1.948174132025772e-11
    roll: 1.570796326589793
    pitch: 3.141592653589793
    yaw: -3.137713302262306
  wrist_3:
    x: 0
    y: -0.0823
    z: -1.688001216681175e-11
    roll: 1.570796327
    pitch: 0
    yaw: 3.141592653589793
  hash: calib_1603573792151652460